{
 "cells": [
  {
   "cell_type": "markdown",
   "metadata": {},
   "source": [
    "## A* Algorithm\n",
    "\n",
    "### Julio Cesar Rocha de Oliveira Souza\n",
    "### Marco Túlio Siqueira da Mata \n",
    "\n",
    "#### Prof. Rogério | IA | CEFET-MG\n"
   ]
  },
  {
   "cell_type": "markdown",
   "metadata": {},
   "source": [
    "Heurísticas e distâncias reais representadas por matrizes de adjacencias nos arquivos /data/heuristics.csv e /data/real-distances.csv\n",
    "\n",
    "Código Fonte Dísponivel: https://github.com/marcotulio956/smart.algoAI/tree/master/astar"
   ]
  },
  {
   "cell_type": "markdown",
   "metadata": {},
   "source": [
    "#### Distâncias"
   ]
  },
  {
   "cell_type": "markdown",
   "metadata": {},
   "source": [
    "![d](img/distances.png \"Distâncias\")"
   ]
  },
  {
   "cell_type": "markdown",
   "metadata": {},
   "source": [
    "#### Heurísticas"
   ]
  },
  {
   "cell_type": "markdown",
   "metadata": {},
   "source": [
    "![h](img/heuristics.png \"Heurísticas\")"
   ]
  },
  {
   "cell_type": "markdown",
   "metadata": {},
   "source": [
    "#### Grafo"
   ]
  },
  {
   "cell_type": "markdown",
   "metadata": {},
   "source": [
    "![h](img/route.png \"Grafo\")"
   ]
  },
  {
   "cell_type": "code",
   "execution_count": 1,
   "metadata": {},
   "outputs": [],
   "source": [
    "import csv "
   ]
  },
  {
   "cell_type": "code",
   "execution_count": 2,
   "metadata": {},
   "outputs": [
    {
     "name": "stdout",
     "output_type": "stream",
     "text": [
      "H: \n",
      "[['0.', '10.', '18.5', '24.8', '36.4', '38.8', '35.8', '25.4', '17.6', '9.1', '16.7', '27.3', '27.6', '29.8'], ['10.', '0.', '8.5', '14.8', '26.6', '29.1', '26.1', '17.3', '10.', '3.5', '15.5', '20.9', '19.1', '21.8'], ['18.5', '8.5', '0.', '6.3', '18.2', '20.6', '17.6', '13.6', '9.4', '10.3', '19.5', '19.1', '12.1', '16.6'], ['24.8', '14.8', '6.3', '0.', '12.', '14.4', '11.5', '12.4', '12.6', '16.7', '23.6', '18.6', '10.6', '15.4'], ['36.4', '26.6', '18.2', '12.', '0.', '3.', '2.4', '19.4', '23.3', '28.2', '34.2', '24.8', '14.5', '17.9'], ['38.8', '29.1', '20.6', '14.4', '3.', '0.', '3.3', '22.3', '25.7', '30.3', '36.7', '27.6', '15.2', '18.2'], ['35.8', '26.1', '17.6', '11.5', '2.4', '3.3', '0.', '20.', '23.', '27.3', '34.2', '25.7', '12.4', '15.6'], ['25.4', '17.3', '13.6', '12.4', '19.4', '22.3', '20.', '0.', '8.2', '20.3', '16.1', '6.4', '22.7', '27.6'], ['17.6', '10.', '9.4', '12.6', '23.3', '25.7', '23.', '8.2', '0.', '13.5', '11.2', '10.9', '21.2', '26.6'], ['9.1', '3.5', '10.3', '16.7', '28.2', '30.3', '27.3', '20.3', '13.5', '0.', '17.6', '24.2', '18.7', '21.2'], ['16.7', '15.5', '19.5', '23.6', '34.2', '36.7', '34.2', '16.1', '11.2', '17.6', '0.', '14.2', '31.5', '35.5'], ['27.3', '20.9', '19.1', '18.6', '24.8', '27.6', '25.7', '6.4', '10.9', '24.2', '14.2', '0.', '28.8', '33.6'], ['27.6', '19.1', '12.1', '10.6', '14.5', '15.2', '12.4', '22.7', '21.2', '18.7', '31.5', '28.8', '0.', '5.1'], ['29.8', '21.8', '16.6', '15.4', '17.9', '18.2', '15.6', '27.6', '26.6', '21.2', '35.5', '33.6', '5.1', '0.']]\n"
     ]
    }
   ],
   "source": [
    "csvh = open(\"data/heuristics.csv\")\n",
    "grid1 = list(csv.reader(csvh))\n",
    "print(f\"H: \\n{grid1}\")"
   ]
  },
  {
   "cell_type": "code",
   "execution_count": 3,
   "metadata": {},
   "outputs": [
    {
     "name": "stdout",
     "output_type": "stream",
     "text": [
      "D: \n",
      "[['0.', '10.', '0.', '0.', '0.', '0.', '0.', '0.', '0.', '0.', '0.', '0.', '0.', '0.'], ['10.', '0.', '8.5', '0.', '0.', '0.', '0.', '0.', '10.', '3.5', '0.', '0.', '0.', '0.'], ['0.', '8.5', '0.', '6.3', '0.', '0.', '0.', '0.', '9.4', '0.', '0.', '0.', '18.7', '0.'], ['0.', '0.', '6.3', '0.', '13.', '0.', '0.', '15.3', '0.', '0.', '0.', '0.', '12.8', '0.'], ['0.', '0.', '0.', '13.', '0.', '3', '2.4', '30.', '0.', '0.', '0.', '0.', '0.', '0.'], ['0.', '0.', '0.', '0.', '3', '0.', '0.', '0.', '0.', '0.', '0.', '0.', '0.', '0.'], ['0.', '0.', '0.', '0.', '2.4', '0.', '0.', '0.', '0.', '0.', '0.', '0.', '0.', '0.'], ['0.', '0.', '0.', '15.3', '30.', '0.', '0.', '0.', '9.6', '0.', '0.', '6.4', '0.', '0.'], ['0.', '10.', '9.4', '0.', '0.', '0.', '0.', '9.6', '0.', '0.', '12.2', '0.', '0.', '0.'], ['0.', '3.5', '0.', '0.', '0.', '0.', '0.', '0.', '0.', '0.', '0.', '0.', '0.', '0.'], ['0.', '0.', '0.', '0.', '0.', '0.', '0.', '0.', '12.2', '0.', '0.', '0.', '0.', '0.'], ['0.', '0.', '0.', '0.', '0.', '0.', '0.', '6.4', '0.', '0.', '0.', '0.', '0.', '0.'], ['0.', '0.', '18.7', '12.8', '0.', '0.', '0.', '0.', '0.', '0.', '0.', '0.', '0.', '5.1'], ['0.', '0.', '0.', '0.', '0.', '0.', '0.', '0.', '0.', '0.', '0.', '0.', '5.1', '0.']]\n"
     ]
    }
   ],
   "source": [
    "csvd = open(\"data/real-distances.csv\")\n",
    "grid2 = list(csv.reader(csvd))\n",
    "print(f\"D: \\n{grid2}\")"
   ]
  },
  {
   "cell_type": "markdown",
   "metadata": {},
   "source": [
    "### Objetivo E6 -> E13"
   ]
  },
  {
   "cell_type": "code",
   "execution_count": 4,
   "metadata": {},
   "outputs": [],
   "source": [
    "start_at = 6\n",
    "end_at = 13"
   ]
  },
  {
   "cell_type": "code",
   "execution_count": 5,
   "metadata": {},
   "outputs": [
    {
     "name": "stdout",
     "output_type": "stream",
     "text": [
      "D:\n",
      "\t{1: {2: 10.0}, 2: {1: 10.0, 3: 8.5, 9: 10.0, 10: 3.5}, 3: {2: 8.5, 4: 6.3, 9: 9.4, 13: 18.7}, 4: {3: 6.3, 5: 13.0, 8: 15.3, 13: 12.8}, 5: {4: 13.0, 6: 3.0, 7: 2.4, 8: 30.0}, 6: {5: 3.0}, 7: {5: 2.4}, 8: {4: 15.3, 5: 30.0, 9: 9.6, 12: 6.4}, 9: {2: 10.0, 3: 9.4, 8: 9.6, 11: 12.2}, 10: {2: 3.5}, 11: {9: 12.2}, 12: {8: 6.4}, 13: {3: 18.7, 4: 12.8, 14: 5.1}, 14: {13: 5.1}}\n",
      "H:\n",
      "\t{1: {2: 10.0, 3: 18.5, 4: 24.8, 5: 36.4, 6: 38.8, 7: 35.8, 8: 25.4, 9: 17.6, 10: 9.1, 11: 16.7, 12: 27.3, 13: 27.6, 14: 29.8}, 2: {1: 10.0, 3: 8.5, 4: 14.8, 5: 26.6, 6: 29.1, 7: 26.1, 8: 17.3, 9: 10.0, 10: 3.5, 11: 15.5, 12: 20.9, 13: 19.1, 14: 21.8}, 3: {1: 18.5, 2: 8.5, 4: 6.3, 5: 18.2, 6: 20.6, 7: 17.6, 8: 13.6, 9: 9.4, 10: 10.3, 11: 19.5, 12: 19.1, 13: 12.1, 14: 16.6}, 4: {1: 24.8, 2: 14.8, 3: 6.3, 5: 12.0, 6: 14.4, 7: 11.5, 8: 12.4, 9: 12.6, 10: 16.7, 11: 23.6, 12: 18.6, 13: 10.6, 14: 15.4}, 5: {1: 36.4, 2: 26.6, 3: 18.2, 4: 12.0, 6: 3.0, 7: 2.4, 8: 19.4, 9: 23.3, 10: 28.2, 11: 34.2, 12: 24.8, 13: 14.5, 14: 17.9}, 6: {1: 38.8, 2: 29.1, 3: 20.6, 4: 14.4, 5: 3.0, 7: 3.3, 8: 22.3, 9: 25.7, 10: 30.3, 11: 36.7, 12: 27.6, 13: 15.2, 14: 18.2}, 7: {1: 35.8, 2: 26.1, 3: 17.6, 4: 11.5, 5: 2.4, 6: 3.3, 8: 20.0, 9: 23.0, 10: 27.3, 11: 34.2, 12: 25.7, 13: 12.4, 14: 15.6}, 8: {1: 25.4, 2: 17.3, 3: 13.6, 4: 12.4, 5: 19.4, 6: 22.3, 7: 20.0, 9: 8.2, 10: 20.3, 11: 16.1, 12: 6.4, 13: 22.7, 14: 27.6}, 9: {1: 17.6, 2: 10.0, 3: 9.4, 4: 12.6, 5: 23.3, 6: 25.7, 7: 23.0, 8: 8.2, 10: 13.5, 11: 11.2, 12: 10.9, 13: 21.2, 14: 26.6}, 10: {1: 9.1, 2: 3.5, 3: 10.3, 4: 16.7, 5: 28.2, 6: 30.3, 7: 27.3, 8: 20.3, 9: 13.5, 11: 17.6, 12: 24.2, 13: 18.7, 14: 21.2}, 11: {1: 16.7, 2: 15.5, 3: 19.5, 4: 23.6, 5: 34.2, 6: 36.7, 7: 34.2, 8: 16.1, 9: 11.2, 10: 17.6, 12: 14.2, 13: 31.5, 14: 35.5}, 12: {1: 27.3, 2: 20.9, 3: 19.1, 4: 18.6, 5: 24.8, 6: 27.6, 7: 25.7, 8: 6.4, 9: 10.9, 10: 24.2, 11: 14.2, 13: 28.8, 14: 33.6}, 13: {1: 27.6, 2: 19.1, 3: 12.1, 4: 10.6, 5: 14.5, 6: 15.2, 7: 12.4, 8: 22.7, 9: 21.2, 10: 18.7, 11: 31.5, 12: 28.8, 14: 5.1}, 14: {1: 29.8, 2: 21.8, 3: 16.6, 4: 15.4, 5: 17.9, 6: 18.2, 7: 15.6, 8: 27.6, 9: 26.6, 10: 21.2, 11: 35.5, 12: 33.6, 13: 5.1}}\n"
     ]
    }
   ],
   "source": [
    "graph = dict()\n",
    "for i, row in enumerate(grid2):\n",
    "    graph[i+1] = dict()\n",
    "    for j, col in enumerate(row):\n",
    "        if(col!='0.'):\n",
    "            graph[i+1][j+1] = float(col)\n",
    "print(f\"D:\\n\\t{graph}\")\n",
    "heuristics = dict()\n",
    "for i, row in enumerate(grid1):\n",
    "    heuristics[i+1] = dict()\n",
    "    for j, col in enumerate(row):\n",
    "        if(col!='0.'):\n",
    "            heuristics[i+1][j+1] = float(col)\n",
    "print(f\"H:\\n\\t{heuristics}\")"
   ]
  },
  {
   "cell_type": "markdown",
   "metadata": {},
   "source": [
    "### Resolução"
   ]
  },
  {
   "cell_type": "code",
   "execution_count": 6,
   "metadata": {},
   "outputs": [
    {
     "name": "stdout",
     "output_type": "stream",
     "text": [
      "6->13\n",
      "IT  0  --\n",
      "f:{6: 0, 13: 0}\n",
      "g:{6: 0, 13: 0, 1: 0, 2: 0, 3: 0, 4: 0, 5: 0, 7: 0, 8: 0, 9: 0, 10: 0, 11: 0, 12: 0, 14: 0}\n",
      "node:6\n",
      "expan:{5: 3.0}\n",
      "visited:[6]\n",
      "evaln:5\n",
      "\tf(5) = 3.0 g + 14.5 h\n",
      "\tf(5) = 17.5\n",
      "schedule:[5]\n",
      "IT  1  --\n",
      "f:{6: 0, 13: 0, 5: 17.5}\n",
      "g:{6: 0, 13: 0, 1: 0, 2: 0, 3: 0, 4: 0, 5: 3.0, 7: 0, 8: 0, 9: 0, 10: 0, 11: 0, 12: 0, 14: 0}\n",
      "node:5\n",
      "expan:{4: 13.0, 6: 3.0, 7: 2.4, 8: 30.0}\n",
      "visited:[6, 5]\n",
      "evaln:4\n",
      "\tf(4) = 16.0 g + 10.6 h\n",
      "\tf(4) = 26.6\n",
      "evaln:6\n",
      "evaln:7\n",
      "\tf(7) = 5.4 g + 12.4 h\n",
      "\tf(7) = 17.8\n",
      "evaln:8\n",
      "\tf(8) = 33.0 g + 22.7 h\n",
      "\tf(8) = 55.7\n",
      "schedule:[4, 7, 8]\n",
      "IT  2  --\n",
      "f:{6: 0, 13: 0, 5: 17.5, 4: 26.6, 7: 17.8, 8: 55.7}\n",
      "g:{6: 0, 13: 0, 1: 0, 2: 0, 3: 0, 4: 16.0, 5: 3.0, 7: 5.4, 8: 33.0, 9: 0, 10: 0, 11: 0, 12: 0, 14: 0}\n",
      "node:7\n",
      "expan:{5: 2.4}\n",
      "visited:[6, 5, 7]\n",
      "evaln:5\n",
      "schedule:[4, 7]\n",
      "IT  3  --\n",
      "f:{6: 0, 13: 0, 5: 17.5, 4: 26.6, 7: 17.8, 8: 55.7}\n",
      "g:{6: 0, 13: 0, 1: 0, 2: 0, 3: 0, 4: 16.0, 5: 3.0, 7: 5.4, 8: 33.0, 9: 0, 10: 0, 11: 0, 12: 0, 14: 0}\n",
      "node:7\n",
      "expan:{5: 2.4}\n",
      "visited:[6, 5, 7, 7]\n",
      "evaln:5\n",
      "schedule:[4]\n",
      "IT  4  --\n",
      "f:{6: 0, 13: 0, 5: 17.5, 4: 26.6, 7: 17.8, 8: 55.7}\n",
      "g:{6: 0, 13: 0, 1: 0, 2: 0, 3: 0, 4: 16.0, 5: 3.0, 7: 5.4, 8: 33.0, 9: 0, 10: 0, 11: 0, 12: 0, 14: 0}\n",
      "node:4\n",
      "expan:{3: 6.3, 5: 13.0, 8: 15.3, 13: 12.8}\n",
      "visited:[6, 5, 7, 7, 4]\n",
      "evaln:3\n",
      "\tf(3) = 22.3 g + 12.1 h\n",
      "\tf(3) = 34.4\n",
      "evaln:5\n",
      "evaln:8\n",
      "\tf(8) = 31.3 g + 22.7 h\n",
      "\tf(8) = 54.0\n",
      "evaln:13\n",
      "\tf(13) = 28.8\n",
      "schedule:[3, 8, 13]\n",
      "IT  5  --\n",
      "f:{6: 0, 13: 28.8, 5: 17.5, 4: 26.6, 7: 17.8, 8: 54.0, 3: 34.4}\n",
      "g:{6: 0, 13: 28.8, 1: 0, 2: 0, 3: 22.3, 4: 16.0, 5: 3.0, 7: 5.4, 8: 31.3, 9: 0, 10: 0, 11: 0, 12: 0, 14: 0}\n",
      "node:13\n",
      "expan:{3: 18.7, 4: 12.8, 14: 5.1}\n",
      "visited:[6, 5, 7, 7, 4, 13]\n",
      "end\n",
      "PATH:\n",
      "pn 13\n",
      "\tp 3\n",
      "\tp 4\n",
      "\tbt [13, 4]\n",
      "\tp 14\n",
      "pn 4\n",
      "\tp 3\n",
      "\tp 5\n",
      "\tbt [13, 4, 5]\n",
      "\tp 8\n",
      "\tp 13\n",
      "pn 5\n",
      "\tp 4\n",
      "\tp 6\n",
      "pn 6\n",
      "\tp 5\n",
      "pn 6\n",
      "\tp 5\n",
      "[6, 5, 4, 13]\n"
     ]
    }
   ],
   "source": [
    "import astar\n",
    "\n",
    "path = astar.solve(start_at, end_at, heuristics, graph)\n",
    "\n",
    "print(path)"
   ]
  },
  {
   "cell_type": "markdown",
   "metadata": {},
   "source": [
    "### Alternativamente"
   ]
  },
  {
   "cell_type": "code",
   "execution_count": 7,
   "metadata": {},
   "outputs": [
    {
     "name": "stdout",
     "output_type": "stream",
     "text": [
      "Hcsv:\n",
      "\t[['0.', '10.', '18.5', '24.8', '36.4', '38.8', '35.8', '25.4', '17.6', '9.1', '16.7', '27.3', '27.6', '29.8'], ['10.', '0.', '8.5', '14.8', '26.6', '29.1', '26.1', '17.3', '10.', '3.5', '15.5', '20.9', '19.1', '21.8'], ['18.5', '8.5', '0.', '6.3', '18.2', '20.6', '17.6', '13.6', '9.4', '10.3', '19.5', '19.1', '12.1', '16.6'], ['24.8', '14.8', '6.3', '0.', '12.', '14.4', '11.5', '12.4', '12.6', '16.7', '23.6', '18.6', '10.6', '15.4'], ['36.4', '26.6', '18.2', '12.', '0.', '3.', '2.4', '19.4', '23.3', '28.2', '34.2', '24.8', '14.5', '17.9'], ['38.8', '29.1', '20.6', '14.4', '3.', '0.', '3.3', '22.3', '25.7', '30.3', '36.7', '27.6', '15.2', '18.2'], ['35.8', '26.1', '17.6', '11.5', '2.4', '3.3', '0.', '20.', '23.', '27.3', '34.2', '25.7', '12.4', '15.6'], ['25.4', '17.3', '13.6', '12.4', '19.4', '22.3', '20.', '0.', '8.2', '20.3', '16.1', '6.4', '22.7', '27.6'], ['17.6', '10.', '9.4', '12.6', '23.3', '25.7', '23.', '8.2', '0.', '13.5', '11.2', '10.9', '21.2', '26.6'], ['9.1', '3.5', '10.3', '16.7', '28.2', '30.3', '27.3', '20.3', '13.5', '0.', '17.6', '24.2', '18.7', '21.2'], ['16.7', '15.5', '19.5', '23.6', '34.2', '36.7', '34.2', '16.1', '11.2', '17.6', '0.', '14.2', '31.5', '35.5'], ['27.3', '20.9', '19.1', '18.6', '24.8', '27.6', '25.7', '6.4', '10.9', '24.2', '14.2', '0.', '28.8', '33.6'], ['27.6', '19.1', '12.1', '10.6', '14.5', '15.2', '12.4', '22.7', '21.2', '18.7', '31.5', '28.8', '0.', '5.1'], ['29.8', '21.8', '16.6', '15.4', '17.9', '18.2', '15.6', '27.6', '26.6', '21.2', '35.5', '33.6', '5.1', '0.']]\n",
      "Dcsv:\n",
      "\t[['0.', '10.', '0.', '0.', '0.', '0.', '0.', '0.', '0.', '0.', '0.', '0.', '0.', '0.'], ['10.', '0.', '8.5', '0.', '0.', '0.', '0.', '0.', '10.', '3.5', '0.', '0.', '0.', '0.'], ['0.', '8.5', '0.', '6.3', '0.', '0.', '0.', '0.', '9.4', '0.', '0.', '0.', '18.7', '0.'], ['0.', '0.', '6.3', '0.', '13.', '0.', '0.', '15.3', '0.', '0.', '0.', '0.', '12.8', '0.'], ['0.', '0.', '0.', '13.', '0.', '3', '2.4', '30.', '0.', '0.', '0.', '0.', '0.', '0.'], ['0.', '0.', '0.', '0.', '3', '0.', '0.', '0.', '0.', '0.', '0.', '0.', '0.', '0.'], ['0.', '0.', '0.', '0.', '2.4', '0.', '0.', '0.', '0.', '0.', '0.', '0.', '0.', '0.'], ['0.', '0.', '0.', '15.3', '30.', '0.', '0.', '0.', '9.6', '0.', '0.', '6.4', '0.', '0.'], ['0.', '10.', '9.4', '0.', '0.', '0.', '0.', '9.6', '0.', '0.', '12.2', '0.', '0.', '0.'], ['0.', '3.5', '0.', '0.', '0.', '0.', '0.', '0.', '0.', '0.', '0.', '0.', '0.', '0.'], ['0.', '0.', '0.', '0.', '0.', '0.', '0.', '0.', '12.2', '0.', '0.', '0.', '0.', '0.'], ['0.', '0.', '0.', '0.', '0.', '0.', '0.', '6.4', '0.', '0.', '0.', '0.', '0.', '0.'], ['0.', '0.', '18.7', '12.8', '0.', '0.', '0.', '0.', '0.', '0.', '0.', '0.', '0.', '5.1'], ['0.', '0.', '0.', '0.', '0.', '0.', '0.', '0.', '0.', '0.', '0.', '0.', '5.1', '0.']]\n",
      "D:\n",
      "\t{1: {2: 10.0}, 2: {1: 10.0, 3: 8.5, 9: 10.0, 10: 3.5}, 3: {2: 8.5, 4: 6.3, 9: 9.4, 13: 18.7}, 4: {3: 6.3, 5: 13.0, 8: 15.3, 13: 12.8}, 5: {4: 13.0, 6: 3.0, 7: 2.4, 8: 30.0}, 6: {5: 3.0}, 7: {5: 2.4}, 8: {4: 15.3, 5: 30.0, 9: 9.6, 12: 6.4}, 9: {2: 10.0, 3: 9.4, 8: 9.6, 11: 12.2}, 10: {2: 3.5}, 11: {9: 12.2}, 12: {8: 6.4}, 13: {3: 18.7, 4: 12.8, 14: 5.1}, 14: {13: 5.1}}\n",
      "H:\n",
      "\t{1: {2: 10.0, 3: 18.5, 4: 24.8, 5: 36.4, 6: 38.8, 7: 35.8, 8: 25.4, 9: 17.6, 10: 9.1, 11: 16.7, 12: 27.3, 13: 27.6, 14: 29.8}, 2: {1: 10.0, 3: 8.5, 4: 14.8, 5: 26.6, 6: 29.1, 7: 26.1, 8: 17.3, 9: 10.0, 10: 3.5, 11: 15.5, 12: 20.9, 13: 19.1, 14: 21.8}, 3: {1: 18.5, 2: 8.5, 4: 6.3, 5: 18.2, 6: 20.6, 7: 17.6, 8: 13.6, 9: 9.4, 10: 10.3, 11: 19.5, 12: 19.1, 13: 12.1, 14: 16.6}, 4: {1: 24.8, 2: 14.8, 3: 6.3, 5: 12.0, 6: 14.4, 7: 11.5, 8: 12.4, 9: 12.6, 10: 16.7, 11: 23.6, 12: 18.6, 13: 10.6, 14: 15.4}, 5: {1: 36.4, 2: 26.6, 3: 18.2, 4: 12.0, 6: 3.0, 7: 2.4, 8: 19.4, 9: 23.3, 10: 28.2, 11: 34.2, 12: 24.8, 13: 14.5, 14: 17.9}, 6: {1: 38.8, 2: 29.1, 3: 20.6, 4: 14.4, 5: 3.0, 7: 3.3, 8: 22.3, 9: 25.7, 10: 30.3, 11: 36.7, 12: 27.6, 13: 15.2, 14: 18.2}, 7: {1: 35.8, 2: 26.1, 3: 17.6, 4: 11.5, 5: 2.4, 6: 3.3, 8: 20.0, 9: 23.0, 10: 27.3, 11: 34.2, 12: 25.7, 13: 12.4, 14: 15.6}, 8: {1: 25.4, 2: 17.3, 3: 13.6, 4: 12.4, 5: 19.4, 6: 22.3, 7: 20.0, 9: 8.2, 10: 20.3, 11: 16.1, 12: 6.4, 13: 22.7, 14: 27.6}, 9: {1: 17.6, 2: 10.0, 3: 9.4, 4: 12.6, 5: 23.3, 6: 25.7, 7: 23.0, 8: 8.2, 10: 13.5, 11: 11.2, 12: 10.9, 13: 21.2, 14: 26.6}, 10: {1: 9.1, 2: 3.5, 3: 10.3, 4: 16.7, 5: 28.2, 6: 30.3, 7: 27.3, 8: 20.3, 9: 13.5, 11: 17.6, 12: 24.2, 13: 18.7, 14: 21.2}, 11: {1: 16.7, 2: 15.5, 3: 19.5, 4: 23.6, 5: 34.2, 6: 36.7, 7: 34.2, 8: 16.1, 9: 11.2, 10: 17.6, 12: 14.2, 13: 31.5, 14: 35.5}, 12: {1: 27.3, 2: 20.9, 3: 19.1, 4: 18.6, 5: 24.8, 6: 27.6, 7: 25.7, 8: 6.4, 9: 10.9, 10: 24.2, 11: 14.2, 13: 28.8, 14: 33.6}, 13: {1: 27.6, 2: 19.1, 3: 12.1, 4: 10.6, 5: 14.5, 6: 15.2, 7: 12.4, 8: 22.7, 9: 21.2, 10: 18.7, 11: 31.5, 12: 28.8, 14: 5.1}, 14: {1: 29.8, 2: 21.8, 3: 16.6, 4: 15.4, 5: 17.9, 6: 18.2, 7: 15.6, 8: 27.6, 9: 26.6, 10: 21.2, 11: 35.5, 12: 33.6, 13: 5.1}}\n",
      "6->13\n",
      "IT  0  --\n",
      "f:{6: 0, 13: 0}\n",
      "g:{6: 0, 13: 0, 1: 0, 2: 0, 3: 0, 4: 0, 5: 0, 7: 0, 8: 0, 9: 0, 10: 0, 11: 0, 12: 0, 14: 0}\n",
      "node:6\n",
      "expan:{5: 3.0}\n",
      "visited:[6]\n",
      "evaln:5\n",
      "\tf(5) = 3.0 g + 14.5 h\n",
      "\tf(5) = 17.5\n",
      "schedule:[5]\n",
      "IT  1  --\n",
      "f:{6: 0, 13: 0, 5: 17.5}\n",
      "g:{6: 0, 13: 0, 1: 0, 2: 0, 3: 0, 4: 0, 5: 3.0, 7: 0, 8: 0, 9: 0, 10: 0, 11: 0, 12: 0, 14: 0}\n",
      "node:5\n",
      "expan:{4: 13.0, 6: 3.0, 7: 2.4, 8: 30.0}\n",
      "visited:[6, 5]\n",
      "evaln:4\n",
      "\tf(4) = 16.0 g + 10.6 h\n",
      "\tf(4) = 26.6\n",
      "evaln:6\n",
      "evaln:7\n",
      "\tf(7) = 5.4 g + 12.4 h\n",
      "\tf(7) = 17.8\n",
      "evaln:8\n",
      "\tf(8) = 33.0 g + 22.7 h\n",
      "\tf(8) = 55.7\n",
      "schedule:[4, 7, 8]\n",
      "IT  2  --\n",
      "f:{6: 0, 13: 0, 5: 17.5, 4: 26.6, 7: 17.8, 8: 55.7}\n",
      "g:{6: 0, 13: 0, 1: 0, 2: 0, 3: 0, 4: 16.0, 5: 3.0, 7: 5.4, 8: 33.0, 9: 0, 10: 0, 11: 0, 12: 0, 14: 0}\n",
      "node:7\n",
      "expan:{5: 2.4}\n",
      "visited:[6, 5, 7]\n",
      "evaln:5\n",
      "schedule:[4, 7]\n",
      "IT  3  --\n",
      "f:{6: 0, 13: 0, 5: 17.5, 4: 26.6, 7: 17.8, 8: 55.7}\n",
      "g:{6: 0, 13: 0, 1: 0, 2: 0, 3: 0, 4: 16.0, 5: 3.0, 7: 5.4, 8: 33.0, 9: 0, 10: 0, 11: 0, 12: 0, 14: 0}\n",
      "node:7\n",
      "expan:{5: 2.4}\n",
      "visited:[6, 5, 7, 7]\n",
      "evaln:5\n",
      "schedule:[4]\n",
      "IT  4  --\n",
      "f:{6: 0, 13: 0, 5: 17.5, 4: 26.6, 7: 17.8, 8: 55.7}\n",
      "g:{6: 0, 13: 0, 1: 0, 2: 0, 3: 0, 4: 16.0, 5: 3.0, 7: 5.4, 8: 33.0, 9: 0, 10: 0, 11: 0, 12: 0, 14: 0}\n",
      "node:4\n",
      "expan:{3: 6.3, 5: 13.0, 8: 15.3, 13: 12.8}\n",
      "visited:[6, 5, 7, 7, 4]\n",
      "evaln:3\n",
      "\tf(3) = 22.3 g + 12.1 h\n",
      "\tf(3) = 34.4\n",
      "evaln:5\n",
      "evaln:8\n",
      "\tf(8) = 31.3 g + 22.7 h\n",
      "\tf(8) = 54.0\n",
      "evaln:13\n",
      "\tf(13) = 28.8\n",
      "schedule:[3, 8, 13]\n",
      "IT  5  --\n",
      "f:{6: 0, 13: 28.8, 5: 17.5, 4: 26.6, 7: 17.8, 8: 54.0, 3: 34.4}\n",
      "g:{6: 0, 13: 28.8, 1: 0, 2: 0, 3: 22.3, 4: 16.0, 5: 3.0, 7: 5.4, 8: 31.3, 9: 0, 10: 0, 11: 0, 12: 0, 14: 0}\n",
      "node:13\n",
      "expan:{3: 18.7, 4: 12.8, 14: 5.1}\n",
      "visited:[6, 5, 7, 7, 4, 13]\n",
      "end\n",
      "PATH:\n",
      "pn 13\n",
      "\tp 3\n",
      "\tp 4\n",
      "\tbt [13, 4]\n",
      "\tp 14\n",
      "pn 4\n",
      "\tp 3\n",
      "\tp 5\n",
      "\tbt [13, 4, 5]\n",
      "\tp 8\n",
      "\tp 13\n",
      "pn 5\n",
      "\tp 4\n",
      "\tp 6\n",
      "pn 6\n",
      "\tp 5\n",
      "pn 6\n",
      "\tp 5\n",
      "bestpath:\n",
      "\t [6, 5, 4, 13]\n"
     ]
    }
   ],
   "source": [
    "!python astar.py 6 13"
   ]
  }
 ],
 "metadata": {
  "kernelspec": {
   "display_name": "Python 3 (ipykernel)",
   "language": "python",
   "name": "python3"
  },
  "language_info": {
   "codemirror_mode": {
    "name": "ipython",
    "version": 3
   },
   "file_extension": ".py",
   "mimetype": "text/x-python",
   "name": "python",
   "nbconvert_exporter": "python",
   "pygments_lexer": "ipython3",
   "version": "3.10.5"
  },
  "vscode": {
   "interpreter": {
    "hash": "bebf9730dc43cfbc35fb329a82a69476f49cde6de038a2bbfc26f12404ad85fb"
   }
  }
 },
 "nbformat": 4,
 "nbformat_minor": 4
}
